6.9004e-01
6.9497e-01
7.4252e-01
7.5360e-01
8.3568e-01
8.6789e-01
8.4182e-01
8.5379e-01
8.5762e-01
8.8390e-01
8.9985e-01
9.8436e-01
1.0244e+00
1.0572e+00
9.9077e-01
1.0058e+00
1.0727e+00
1.0943e+00
1.1432e+00
1.1045e+00
1.1867e+00
1.1385e+00
1.2245e+00
1.2406e+00
1.2071e+00
1.2658e+00
1.2995e+00
1.3142e+00
1.2663e+00
1.2578e+00
1.2991e+00
1.3058e+00
1.3478e+00
1.3506e+00
1.4044e+00
1.3948e+00
1.3800e+00
1.4480e+00
1.4168e+00
1.4719e+00
1.4656e+00
1.4399e+00
1.5174e+00
1.4988e+00
1.4751e+00
1.5326e+00
1.5297e+00
1.5372e+00
1.6094e+00
1.6352e+00
1.5843e+00
1.6643e+00
1.5987e+00
1.6585e+00
1.6317e+00
1.7074e+00
1.6654e+00
1.6551e+00
1.6964e+00
1.7143e+00
1.7706e+00
1.7622e+00
1.7260e+00
1.8089e+00
1.7905e+00
1.7428e+00
1.8381e+00
1.8182e+00
1.7865e+00
1.7995e+00
1.8296e+00
1.8625e+00
1.8623e+00
1.8383e+00
1.8593e+00
1.8944e+00
1.9598e+00
1.9000e+00
1.9244e+00
1.9397e+00
1.9440e+00
1.9718e+00
1.9383e+00
1.9555e+00
2.0006e+00
1.9841e+00
2.0066e+00
2.0493e+00
2.0503e+00
2.0214e+00
